29.2
27.9
30.6
29.3
27.9
30.6
29.4
27.9
30.6
29.5
27.9
30.6
29.6
27.9
30.6
29.7
27.9
30.6
29.8
27.9
30.6
29.9
27.9
30.6
30.0
27.9
30.6
30.1
28.0
30.6
30.2
28.0
30.6
30.3
28.1
30.6
30.4
28.2
30.6
30.5
28.3
30.6
30.5
28.4
30.6
30.6
28.5
30.6
30.5
28.6
30.6
30.5
28.7
30.6
30.5
28.8
30.6
30.6
28.9
30.6
30.6
29.0
30.6
30.5
29.1
30.6
30.4
29.2
30.6
30.3
29.2
30.6
30.2
29.3
30.6
30.1
29.4
30.6
30.1
29.5
30.6
30.1
29.6
30.6
30.1
29.7
30.6
30.0
29.7
30.6
29.9
29.8
30.6
29.8
29.7
30.6
29.8
29.6
30.6
29.7
29.6
30.6
29.6
29.6
30.6
29.5
29.5
30.6
29.4
29.5
30.6
29.3
29.5
30.6
29.2
29.5
30.6
29.1
29.6
30.6
29.0
29.6
30.6
28.9
29.7
30.6
28.9
29.8
30.6
28.8
29.9
30.6
28.8
30.0
30.6
28.8
30.1
30.6
28.7
30.2
30.6
28.6
30.3
30.6
28.5
30.3
30.6
28.4
30.3
30.6
28.3
30.3
30.6
28.2
30.2
30.6
28.1
30.1
30.6
28.1
30.0
30.6
28.1
29.9
30.6
28.1
29.8
30.6
28.1
29.7
30.6
28.0
29.6
30.6
27.9
29.6
30.6
27.8
29.6
30.6
27.7
29.5
30.6
27.6
29.4
30.6
27.6
29.3
30.6
27.7
29.2
30.6
27.7
29.1
30.6
27.7
29.0
30.6
27.7
28.9
30.6
27.7
28.8
30.6
27.7
28.7
30.6
27.8
28.6
30.6
27.9
28.6
30.6
28.0
28.6
30.6
28.0
28.5
30.6
28.1
28.4
30.6
28.2
28.3
30.6
28.3
28.2
30.6
28.4
28.2
30.6
28.5
28.2
30.6
28.6
28.2
30.6
28.7
28.2
30.6
28.7
28.1
30.6
28.8
28.0
30.6
28.9
28.0
30.6
29.0
28.0
30.6
29.1
28.0
30.6
29.2
28.0
30.6
===
29.7
28.1
30.8
29.8
28.1
30.8
29.9
28.1
30.8
30.0
28.1
30.8
30.1
28.1
30.8
30.2
28.1
30.8
30.3
28.2
30.8
30.4
28.2
30.8
30.5
28.3
30.8
30.6
28.4
30.8
30.7
28.5
30.8
30.8
28.6
30.8
30.8
28.7
30.8
30.8
28.8
30.8
30.8
28.9
30.8
30.8
29.0
30.8
30.7
29.1
30.8
30.6
29.2
30.8
30.5
29.3
30.8
30.5
29.4
30.8
30.4
29.5
30.8
30.3
29.5
30.8
30.2
29.6
30.8
30.1
29.7
30.8
30.0
29.7
30.8
29.9
29.8
30.8
29.8
29.8
30.8
29.7
29.8
30.8
29.6
29.8
30.8
29.5
29.8
30.8
29.4
29.7
30.8
29.3
29.6
30.8
29.2
29.6
30.8
29.1
29.7
30.8
29.1
29.8
30.8
29.2
29.9
30.8
29.1
29.9
30.8
29.0
29.9
30.8
28.9
29.9
30.8
28.8
29.9
30.8
28.8
30.0
30.8
28.8
30.1
30.8
28.8
30.2
30.8
28.7
30.3
30.8
28.6
30.4
30.8
28.5
30.4
30.8
28.4
30.4
30.8
28.3
30.4
30.8
28.3
30.3
30.8
28.2
30.3
30.8
28.1
30.3
30.8
28.0
30.3
30.8
27.9
30.3
30.8
27.9
30.2
30.8
27.9
30.1
30.8
27.8
30.1
30.8
27.8
30.0
30.8
27.8
29.9
30.8
27.8
29.8
30.8
27.8
29.7
30.8
27.7
29.6
30.8
27.7
29.5
30.8
27.7
29.4
30.8
27.6
29.3
30.8
27.6
29.2
30.8
27.6
29.1
30.8
27.7
29.0
30.8
27.7
28.9
30.8
27.8
28.8
30.8
27.8
28.7
30.8
27.9
28.6
30.8
28.0
28.6
30.8
28.1
28.6
30.8
28.2
28.5
30.8
28.3
28.4
30.8
28.4
28.3
30.8
28.5
28.3
30.8
28.6
28.3
30.8
28.7
28.3
30.8
28.8
28.3
30.8
28.9
28.3
30.8
29.0
28.3
30.8
29.1
28.3
30.8
29.2
28.3
30.8
29.3
28.3
30.8
29.4
28.3
30.8
29.5
28.2
30.8
29.6
28.2
30.8
===
28.2
29.1
31.0
28.3
29.2
31.0
28.4
29.3
31.0
28.4
29.4
31.0
28.3
29.5
31.0
28.2
29.5
31.0
28.2
29.6
31.0
28.2
29.7
31.0
28.2
29.8
31.0
28.2
29.9
31.0
28.3
30.0
31.0
28.4
30.1
31.0
28.5
30.1
31.0
28.6
30.2
31.0
28.7
30.2
31.0
28.7
30.3
31.0
28.7
30.4
31.0
28.7
30.5
31.0
28.7
30.6
31.0
28.7
30.7
31.0
28.7
30.8
31.0
28.7
30.9
31.0
28.6
31.0
31.0
28.5
31.1
31.0
28.4
31.2
31.0
28.3
31.3
31.0
28.2
31.3
31.0
28.1
31.3
31.0
28.1
31.4
31.0
28.0
31.3
31.0
27.9
31.3
31.0
27.8
31.2
31.0
27.7
31.1
31.0
27.6
31.0
31.0
27.5
30.9
31.0
27.4
30.8
31.0
27.3
30.7
31.0
27.3
30.6
31.0
27.3
30.5
31.0
27.4
30.4
31.0
27.4
30.3
31.0
27.5
30.2
31.0
27.6
30.2
31.0
27.7
30.1
31.0
27.8
30.1
31.0
27.8
30.0
31.0
27.9
29.9
31.0
28.0
29.9
31.0
28.0
29.8
31.0
28.0
29.7
31.0
28.0
29.6
31.0
28.0
29.5
31.0
28.0
29.4
31.0
28.0
29.3
31.0
28.1
29.2
31.0
28.2
29.2
31.0
===
28.2
29.0
31.2
28.3
29.0
31.2
28.4
29.1
31.2
28.5
29.2
31.2
28.5
29.3
31.2
28.6
29.4
31.2
28.5
29.5
31.2
28.4
29.6
31.2
28.3
29.6
31.2
28.2
29.6
31.2
28.2
29.7
31.2
28.3
29.8
31.2
28.4
29.8
31.2
28.5
29.9
31.2
28.5
30.0
31.2
28.6
30.1
31.2
28.7
30.2
31.2
28.8
30.2
31.2
28.9
30.2
31.2
28.9
30.3
31.2
28.9
30.4
31.2
28.9
30.5
31.2
28.8
30.6
31.2
28.8
30.7
31.2
28.8
30.8
31.2
28.7
30.9
31.2
28.6
31.0
31.2
28.5
31.1
31.2
28.5
31.2
31.2
28.4
31.3
31.2
28.3
31.4
31.2
28.2
31.5
31.2
28.1
31.6
31.2
28.0
31.6
31.2
27.9
31.6
31.2
27.8
31.6
31.2
27.8
31.5
31.2
27.7
31.5
31.2
27.6
31.5
31.2
27.6
31.4
31.2
27.5
31.3
31.2
27.4
31.2
31.2
27.3
31.2
31.2
27.2
31.2
31.2
27.1
31.2
31.2
27.0
31.2
31.2
26.9
31.2
31.2
26.8
31.2
31.2
26.7
31.2
31.2
26.6
31.2
31.2
26.5
31.2
31.2
26.5
31.1
31.2
26.5
31.0
31.2
26.6
30.9
31.2
26.7
30.9
31.2
26.8
30.9
31.2
26.9
30.9
31.2
26.9
30.8
31.2
27.0
30.7
31.2
27.1
30.6
31.2
27.1
30.5
31.2
27.1
30.4
31.2
27.1
30.3
31.2
27.2
30.2
31.2
27.2
30.1
31.2
27.3
30.0
31.2
27.4
29.9
31.2
27.5
29.8
31.2
27.6
29.8
31.2
27.7
29.7
31.2
27.7
29.6
31.2
27.7
29.5
31.2
27.7
29.4
31.2
27.8
29.3
31.2
27.9
29.3
31.2
28.0
29.3
31.2
28.0
29.2
31.2
28.1
29.1
31.2
28.2
29.1
31.2
===
28.0
28.7
31.4
28.1
28.7
31.4
28.2
28.8
31.4
28.3
28.8
31.4
28.4
28.9
31.4
28.5
29.0
31.4
28.5
29.1
31.4
28.5
29.2
31.4
28.5
29.3
31.4
28.5
29.4
31.4
28.5
29.5
31.4
28.4
29.6
31.4
28.4
29.7
31.4
28.4
29.8
31.4
28.5
29.9
31.4
28.6
30.0
31.4
28.7
30.1
31.4
28.8
30.2
31.4
28.9
30.3
31.4
28.9
30.4
31.4
29.0
30.5
31.4
28.9
30.6
31.4
28.9
30.7
31.4
28.8
30.8
31.4
28.7
30.9
31.4
28.6
31.0
31.4
28.6
31.1
31.4
28.6
31.2
31.4
28.5
31.3
31.4
28.4
31.4
31.4
28.3
31.5
31.4
28.2
31.6
31.4
28.1
31.6
31.4
28.0
31.7
31.4
27.9
31.7
31.4
27.8
31.7
31.4
27.7
31.8
31.4
27.6
31.8
31.4
27.5
31.8
31.4
27.4
31.8
31.4
27.3
31.8
31.4
27.2
31.8
31.4
27.1
31.9
31.4
27.0
31.9
31.4
26.9
31.9
31.4
26.8
31.9
31.4
26.7
31.9
31.4
26.6
32.0
31.4
26.5
32.0
31.4
26.5
31.9
31.4
26.4
31.9
31.4
26.3
31.9
31.4
26.2
31.8
31.4
26.1
31.8
31.4
26.0
31.8
31.4
25.9
31.7
31.4
25.9
31.6
31.4
25.8
31.5
31.4
25.8
31.4
31.4
25.8
31.3
31.4
25.8
31.2
31.4
25.8
31.1
31.4
25.8
31.0
31.4
25.9
30.9
31.4
26.0
30.8
31.4
26.1
30.8
31.4
26.2
30.8
31.4
26.2
30.7
31.4
26.3
30.6
31.4
26.4
30.5
31.4
26.5
30.4
31.4
26.6
30.3
31.4
26.7
30.3
31.4
26.8
30.3
31.4
26.8
30.2
31.4
26.9
30.1
31.4
27.0
30.0
31.4
27.1
29.9
31.4
27.2
29.8
31.4
27.2
29.7
31.4
27.2
29.6
31.4
27.3
29.5
31.4
27.4
29.5
31.4
27.5
29.5
31.4
27.6
29.4
31.4
27.7
29.4
31.4
27.7
29.3
31.4
27.7
29.2
31.4
27.8
29.1
31.4
27.9
29.0
31.4
28.0
29.0
31.4
28.0
28.9
31.4
27.9
28.8
31.4
===
31.0
27.1
31.6
31.1
27.1
31.6
31.2
27.2
31.6
31.3
27.3
31.6
31.4
27.4
31.6
31.4
27.5
31.6
31.4
27.6
31.6
31.5
27.7
31.6
31.5
27.8
31.6
31.5
27.9
31.6
31.5
28.0
31.6
31.5
28.1
31.6
31.5
28.2
31.6
31.4
28.3
31.6
31.3
28.4
31.6
31.2
28.5
31.6
31.1
28.5
31.6
31.0
28.5
31.6
30.9
28.5
31.6
30.8
28.6
31.6
30.7
28.6
31.6
30.7
28.5
31.6
30.6
28.5
31.6
30.5
28.5
31.6
30.4
28.5
31.6
30.3
28.5
31.6
30.2
28.5
31.6
30.1
28.5
31.6
30.1
28.4
31.6
30.0
28.4
31.6
29.9
28.4
31.6
29.8
28.4
31.6
29.7
28.5
31.6
29.6
28.5
31.6
29.5
28.5
31.6
29.4
28.5
31.6
29.4
28.6
31.6
29.4
28.7
31.6
29.4
28.8
31.6
29.4
28.9
31.6
29.4
29.0
31.6
29.5
29.1
31.6
29.4
29.1
31.6
29.4
29.2
31.6
29.3
29.3
31.6
29.2
29.3
31.6
29.1
29.3
31.6
29.0
29.4
31.6
28.9
29.5
31.6
28.8
29.5
31.6
28.7
29.5
31.6
28.6
29.5
31.6
28.5
29.6
31.6
28.4
29.7
31.6
28.4
29.8
31.6
28.3
29.9
31.6
28.2
29.9
31.6
28.1
29.9
31.6
28.1
30.0
31.6
28.0
30.1
31.6
28.0
30.2
31.6
28.0
30.3
31.6
28.0
30.4
31.6
28.0
30.5
31.6
28.0
30.6
31.6
28.0
30.7
31.6
27.9
30.8
31.6
27.9
30.9
31.6
27.9
31.0
31.6
27.8
31.1
31.6
27.8
31.2
31.6
27.8
31.3
31.6
27.8
31.4
31.6
27.7
31.5
31.6
27.6
31.6
31.6
27.5
31.7
31.6
27.4
31.7
31.6
27.3
31.8
31.6
27.2
31.9
31.6
27.1
32.0
31.6
27.0
32.0
31.6
26.9
32.0
31.6
26.8
32.1
31.6
26.7
32.1
31.6
26.6
32.2
31.6
26.5
32.3
31.6
26.4
32.4
31.6
26.3
32.5
31.6
26.2
32.5
31.6
26.1
32.6
31.6
26.0
32.7
31.6
25.9
32.7
31.6
25.8
32.7
31.6
25.7
32.7
31.6
25.6
32.7
31.6
25.5
32.7
31.6
25.4
32.7
31.6
25.3
32.7
31.6
25.2
32.7
31.6
25.1
32.7
31.6
25.0
32.7
31.6
25.0
32.6
31.6
24.9
32.5
31.6
25.0
32.4
31.6
25.0
32.3
31.6
25.1
32.2
31.6
25.1
32.1
31.6
25.0
32.0
31.6
25.0
31.9
31.6
25.0
31.8
31.6
25.0
31.7
31.6
25.1
31.6
31.6
25.2
31.6
31.6
25.2
31.5
31.6
25.3
31.4
31.6
25.4
31.3
31.6
25.4
31.2
31.6
25.5
31.1
31.6
25.6
31.1
31.6
25.7
31.1
31.6
25.7
31.0
31.6
25.8
30.9
31.6
25.8
30.8
31.6
25.9
30.7
31.6
26.0
30.6
31.6
26.0
30.5
31.6
26.1
30.4
31.6
26.1
30.3
31.6
26.2
30.2
31.6
26.3
30.1
31.6
26.4
30.0
31.6
26.5
30.0
31.6
26.5
29.9
31.6
26.6
29.8
31.6
26.7
29.7
31.6
26.8
29.6
31.6
26.9
29.6
31.6
26.9
29.5
31.6
27.0
29.4
31.6
27.1
29.4
31.6
27.2
29.4
31.6
27.3
29.3
31.6
27.4
29.3
31.6
27.5
29.2
31.6
27.6
29.2
31.6
27.7
29.1
31.6
27.7
29.0
31.6
27.8
28.9
31.6
27.8
28.8
31.6
27.9
28.7
31.6
28.0
28.6
31.6
28.1
28.6
31.6
28.2
28.5
31.6
28.3
28.5
31.6
28.4
28.4
31.6
28.5
28.3
31.6
28.6
28.2
31.6
28.7
28.2
31.6
28.8
28.2
31.6
28.9
28.1
31.6
29.0
28.1
31.6
29.1
28.1
31.6
29.2
28.1
31.6
29.3
28.0
31.6
29.4
28.0
31.6
29.5
27.9
31.6
29.6
27.9
31.6
29.7
27.9
31.6
29.7
27.8
31.6
29.8
27.7
31.6
29.9
27.7
31.6
30.0
27.6
31.6
30.1
27.6
31.6
30.2
27.6
31.6
30.3
27.6
31.6
30.4
27.6
31.6
30.5
27.6
31.6
30.6
27.6
31.6
30.7
27.6
31.6
30.8
27.5
31.6
30.9
27.5
31.6
30.9
27.4
31.6
30.9
27.3
31.6
31.0
27.2
31.6
===
27.0
29.4
32.0
27.1
29.4
32.0
27.2
29.4
32.0
27.3
29.4
32.0
27.4
29.4
32.0
27.5
29.4
32.0
27.6
29.5
32.0
27.7
29.6
32.0
27.8
29.7
32.0
27.8
29.8
32.0
27.8
29.9
32.0
27.9
30.0
32.0
27.9
30.1
32.0
28.0
30.2
32.0
28.0
30.3
32.0
28.1
30.4
32.0
28.1
30.5
32.0
28.1
30.6
32.0
28.1
30.7
32.0
28.1
30.8
32.0
28.2
30.9
32.0
28.2
31.0
32.0
28.2
31.1
32.0
28.1
31.2
32.0
28.1
31.3
32.0
28.1
31.4
32.0
28.0
31.5
32.0
28.0
31.6
32.0
28.0
31.7
32.0
27.9
31.8
32.0
27.8
31.9
32.0
27.7
31.9
32.0
27.6
32.0
32.0
27.5
32.1
32.0
27.4
32.1
32.0
27.3
32.2
32.0
27.2
32.2
32.0
27.1
32.3
32.0
27.0
32.3
32.0
26.9
32.4
32.0
26.8
32.4
32.0
26.7
32.4
32.0
26.6
32.4
32.0
26.5
32.4
32.0
26.4
32.5
32.0
26.3
32.5
32.0
26.2
32.6
32.0
26.1
32.7
32.0
26.0
32.8
32.0
25.9
32.9
32.0
25.8
32.9
32.0
25.7
32.9
32.0
25.6
32.9
32.0
25.6
32.8
32.0
25.5
32.8
32.0
25.4
32.8
32.0
25.3
32.7
32.0
25.2
32.7
32.0
25.1
32.7
32.0
25.0
32.6
32.0
25.1
32.5
32.0
25.2
32.4
32.0
25.2
32.3
32.0
25.3
32.2
32.0
25.4
32.1
32.0
25.4
32.0
32.0
25.4
31.9
32.0
25.5
31.8
32.0
25.6
31.7
32.0
25.6
31.6
32.0
25.6
31.5
32.0
25.6
31.4
32.0
25.5
31.3
32.0
25.5
31.2
32.0
25.6
31.1
32.0
25.6
31.0
32.0
25.7
30.9
32.0
25.7
30.8
32.0
25.8
30.7
32.0
25.9
30.6
32.0
26.0
30.5
32.0
26.0
30.4
32.0
26.0
30.3
32.0
26.1
30.2
32.0
26.2
30.1
32.0
26.3
30.0
32.0
26.4
29.9
32.0
26.5
29.8
32.0
26.6
29.7
32.0
26.7
29.6
32.0
26.8
29.5
32.0
26.9
29.5
32.0
27.0
29.5
32.0
===
26.9
31.8
32.2
27.0
31.8
32.2
27.1
31.8
32.2
27.2
31.8
32.2
27.3
31.8
32.2
27.4
31.8
32.2
===