29.2
27.9
76.5
29.3
27.9
76.5
29.4
27.9
76.5
29.5
27.9
76.5
29.6
27.9
76.5
29.7
27.9
76.5
29.8
27.9
76.5
29.9
27.9
76.5
30.0
27.9
76.5
30.1
28.0
76.5
30.2
28.0
76.5
30.3
28.1
76.5
30.4
28.2
76.5
30.5
28.3
76.5
30.5
28.4
76.5
30.6
28.5
76.5
30.5
28.6
76.5
30.5
28.7
76.5
30.5
28.8
76.5
30.6
28.9
76.5
30.6
29.0
76.5
30.5
29.1
76.5
30.4
29.2
76.5
30.3
29.2
76.5
30.2
29.3
76.5
30.1
29.4
76.5
30.1
29.5
76.5
30.1
29.6
76.5
30.1
29.7
76.5
30.0
29.7
76.5
29.9
29.8
76.5
29.8
29.7
76.5
29.8
29.6
76.5
29.7
29.6
76.5
29.6
29.6
76.5
29.5
29.5
76.5
29.4
29.5
76.5
29.3
29.5
76.5
29.2
29.5
76.5
29.1
29.6
76.5
29.0
29.6
76.5
28.9
29.7
76.5
28.9
29.8
76.5
28.8
29.9
76.5
28.8
30.0
76.5
28.8
30.1
76.5
28.7
30.2
76.5
28.6
30.3
76.5
28.5
30.3
76.5
28.4
30.3
76.5
28.3
30.3
76.5
28.2
30.2
76.5
28.1
30.1
76.5
28.1
30.0
76.5
28.1
29.9
76.5
28.1
29.8
76.5
28.1
29.7
76.5
28.0
29.6
76.5
27.9
29.6
76.5
27.8
29.6
76.5
27.7
29.5
76.5
27.6
29.4
76.5
27.6
29.3
76.5
27.7
29.2
76.5
27.7
29.1
76.5
27.7
29.0
76.5
27.7
28.9
76.5
27.7
28.8
76.5
27.7
28.7
76.5
27.8
28.6
76.5
27.9
28.6
76.5
28.0
28.6
76.5
28.0
28.5
76.5
28.1
28.4
76.5
28.2
28.3
76.5
28.3
28.2
76.5
28.4
28.2
76.5
28.5
28.2
76.5
28.6
28.2
76.5
28.7
28.2
76.5
28.7
28.1
76.5
28.8
28.0
76.5
28.9
28.0
76.5
29.0
28.0
76.5
29.1
28.0
76.5
29.2
28.0
76.5
===
29.7
28.1
77.0
29.8
28.1
77.0
29.9
28.1
77.0
30.0
28.1
77.0
30.1
28.1
77.0
30.2
28.1
77.0
30.3
28.2
77.0
30.4
28.2
77.0
30.5
28.3
77.0
30.6
28.4
77.0
30.7
28.5
77.0
30.8
28.6
77.0
30.8
28.7
77.0
30.8
28.8
77.0
30.8
28.9
77.0
30.8
29.0
77.0
30.7
29.1
77.0
30.6
29.2
77.0
30.5
29.3
77.0
30.5
29.4
77.0
30.4
29.5
77.0
30.3
29.5
77.0
30.2
29.6
77.0
30.1
29.7
77.0
30.0
29.7
77.0
29.9
29.8
77.0
29.8
29.8
77.0
29.7
29.8
77.0
29.6
29.8
77.0
29.5
29.8
77.0
29.4
29.7
77.0
29.3
29.6
77.0
29.2
29.6
77.0
29.1
29.7
77.0
29.1
29.8
77.0
29.2
29.9
77.0
29.1
29.9
77.0
29.0
29.9
77.0
28.9
29.9
77.0
28.8
29.9
77.0
28.8
30.0
77.0
28.8
30.1
77.0
28.8
30.2
77.0
28.7
30.3
77.0
28.6
30.4
77.0
28.5
30.4
77.0
28.4
30.4
77.0
28.3
30.4
77.0
28.3
30.3
77.0
28.2
30.3
77.0
28.1
30.3
77.0
28.0
30.3
77.0
27.9
30.3
77.0
27.9
30.2
77.0
27.9
30.1
77.0
27.8
30.1
77.0
27.8
30.0
77.0
27.8
29.9
77.0
27.8
29.8
77.0
27.8
29.7
77.0
27.7
29.6
77.0
27.7
29.5
77.0
27.7
29.4
77.0
27.6
29.3
77.0
27.6
29.2
77.0
27.6
29.1
77.0
27.7
29.0
77.0
27.7
28.9
77.0
27.8
28.8
77.0
27.8
28.7
77.0
27.9
28.6
77.0
28.0
28.6
77.0
28.1
28.6
77.0
28.2
28.5
77.0
28.3
28.4
77.0
28.4
28.3
77.0
28.5
28.3
77.0
28.6
28.3
77.0
28.7
28.3
77.0
28.8
28.3
77.0
28.9
28.3
77.0
29.0
28.3
77.0
29.1
28.3
77.0
29.2
28.3
77.0
29.3
28.3
77.0
29.4
28.3
77.0
29.5
28.2
77.0
29.6
28.2
77.0
===
28.2
29.1
77.5
28.3
29.2
77.5
28.4
29.3
77.5
28.4
29.4
77.5
28.3
29.5
77.5
28.2
29.5
77.5
28.2
29.6
77.5
28.2
29.7
77.5
28.2
29.8
77.5
28.2
29.9
77.5
28.3
30.0
77.5
28.4
30.1
77.5
28.5
30.1
77.5
28.6
30.2
77.5
28.7
30.2
77.5
28.7
30.3
77.5
28.7
30.4
77.5
28.7
30.5
77.5
28.7
30.6
77.5
28.7
30.7
77.5
28.7
30.8
77.5
28.7
30.9
77.5
28.6
31.0
77.5
28.5
31.1
77.5
28.4
31.2
77.5
28.3
31.3
77.5
28.2
31.3
77.5
28.1
31.3
77.5
28.1
31.4
77.5
28.0
31.3
77.5
27.9
31.3
77.5
27.8
31.2
77.5
27.7
31.1
77.5
27.6
31.0
77.5
27.5
30.9
77.5
27.4
30.8
77.5
27.3
30.7
77.5
27.3
30.6
77.5
27.3
30.5
77.5
27.4
30.4
77.5
27.4
30.3
77.5
27.5
30.2
77.5
27.6
30.2
77.5
27.7
30.1
77.5
27.8
30.1
77.5
27.8
30.0
77.5
27.9
29.9
77.5
28.0
29.9
77.5
28.0
29.8
77.5
28.0
29.7
77.5
28.0
29.6
77.5
28.0
29.5
77.5
28.0
29.4
77.5
28.0
29.3
77.5
28.1
29.2
77.5
28.2
29.2
77.5
===
28.2
29.0
78.0
28.3
29.0
78.0
28.4
29.1
78.0
28.5
29.2
78.0
28.5
29.3
78.0
28.6
29.4
78.0
28.5
29.5
78.0
28.4
29.6
78.0
28.3
29.6
78.0
28.2
29.6
78.0
28.2
29.7
78.0
28.3
29.8
78.0
28.4
29.8
78.0
28.5
29.9
78.0
28.5
30.0
78.0
28.6
30.1
78.0
28.7
30.2
78.0
28.8
30.2
78.0
28.9
30.2
78.0
28.9
30.3
78.0
28.9
30.4
78.0
28.9
30.5
78.0
28.8
30.6
78.0
28.8
30.7
78.0
28.8
30.8
78.0
28.7
30.9
78.0
28.6
31.0
78.0
28.5
31.1
78.0
28.5
31.2
78.0
28.4
31.3
78.0
28.3
31.4
78.0
28.2
31.5
78.0
28.1
31.6
78.0
28.0
31.6
78.0
27.9
31.6
78.0
27.8
31.6
78.0
27.8
31.5
78.0
27.7
31.5
78.0
27.6
31.5
78.0
27.6
31.4
78.0
27.5
31.3
78.0
27.4
31.2
78.0
27.3
31.2
78.0
27.2
31.2
78.0
27.1
31.2
78.0
27.0
31.2
78.0
26.9
31.2
78.0
26.8
31.2
78.0
26.7
31.2
78.0
26.6
31.2
78.0
26.5
31.2
78.0
26.5
31.1
78.0
26.5
31.0
78.0
26.6
30.9
78.0
26.7
30.9
78.0
26.8
30.9
78.0
26.9
30.9
78.0
26.9
30.8
78.0
27.0
30.7
78.0
27.1
30.6
78.0
27.1
30.5
78.0
27.1
30.4
78.0
27.1
30.3
78.0
27.2
30.2
78.0
27.2
30.1
78.0
27.3
30.0
78.0
27.4
29.9
78.0
27.5
29.8
78.0
27.6
29.8
78.0
27.7
29.7
78.0
27.7
29.6
78.0
27.7
29.5
78.0
27.7
29.4
78.0
27.8
29.3
78.0
27.9
29.3
78.0
28.0
29.3
78.0
28.0
29.2
78.0
28.1
29.1
78.0
28.2
29.1
78.0
===
28.0
28.7
78.5
28.1
28.7
78.5
28.2
28.8
78.5
28.3
28.8
78.5
28.4
28.9
78.5
28.5
29.0
78.5
28.5
29.1
78.5
28.5
29.2
78.5
28.5
29.3
78.5
28.5
29.4
78.5
28.5
29.5
78.5
28.4
29.6
78.5
28.4
29.7
78.5
28.4
29.8
78.5
28.5
29.9
78.5
28.6
30.0
78.5
28.7
30.1
78.5
28.8
30.2
78.5
28.9
30.3
78.5
28.9
30.4
78.5
29.0
30.5
78.5
28.9
30.6
78.5
28.9
30.7
78.5
28.8
30.8
78.5
28.7
30.9
78.5
28.6
31.0
78.5
28.6
31.1
78.5
28.6
31.2
78.5
28.5
31.3
78.5
28.4
31.4
78.5
28.3
31.5
78.5
28.2
31.6
78.5
28.1
31.6
78.5
28.0
31.7
78.5
27.9
31.7
78.5
27.8
31.7
78.5
27.7
31.8
78.5
27.6
31.8
78.5
27.5
31.8
78.5
27.4
31.8
78.5
27.3
31.8
78.5
27.2
31.8
78.5
27.1
31.9
78.5
27.0
31.9
78.5
26.9
31.9
78.5
26.8
31.9
78.5
26.7
31.9
78.5
26.6
32.0
78.5
26.5
32.0
78.5
26.5
31.9
78.5
26.4
31.9
78.5
26.3
31.9
78.5
26.2
31.8
78.5
26.1
31.8
78.5
26.0
31.8
78.5
25.9
31.7
78.5
25.9
31.6
78.5
25.8
31.5
78.5
25.8
31.4
78.5
25.8
31.3
78.5
25.8
31.2
78.5
25.8
31.1
78.5
25.8
31.0
78.5
25.9
30.9
78.5
26.0
30.8
78.5
26.1
30.8
78.5
26.2
30.8
78.5
26.2
30.7
78.5
26.3
30.6
78.5
26.4
30.5
78.5
26.5
30.4
78.5
26.6
30.3
78.5
26.7
30.3
78.5
26.8
30.3
78.5
26.8
30.2
78.5
26.9
30.1
78.5
27.0
30.0
78.5
27.1
29.9
78.5
27.2
29.8
78.5
27.2
29.7
78.5
27.2
29.6
78.5
27.3
29.5
78.5
27.4
29.5
78.5
27.5
29.5
78.5
27.6
29.4
78.5
27.7
29.4
78.5
27.7
29.3
78.5
27.7
29.2
78.5
27.8
29.1
78.5
27.9
29.0
78.5
28.0
29.0
78.5
28.0
28.9
78.5
27.9
28.8
78.5
===
31.0
27.1
79.0
31.1
27.1
79.0
31.2
27.2
79.0
31.3
27.3
79.0
31.4
27.4
79.0
31.4
27.5
79.0
31.4
27.6
79.0
31.5
27.7
79.0
31.5
27.8
79.0
31.5
27.9
79.0
31.5
28.0
79.0
31.5
28.1
79.0
31.5
28.2
79.0
31.4
28.3
79.0
31.3
28.4
79.0
31.2
28.5
79.0
31.1
28.5
79.0
31.0
28.5
79.0
30.9
28.5
79.0
30.8
28.6
79.0
30.7
28.6
79.0
30.7
28.5
79.0
30.6
28.5
79.0
30.5
28.5
79.0
30.4
28.5
79.0
30.3
28.5
79.0
30.2
28.5
79.0
30.1
28.5
79.0
30.1
28.4
79.0
30.0
28.4
79.0
29.9
28.4
79.0
29.8
28.4
79.0
29.7
28.5
79.0
29.6
28.5
79.0
29.5
28.5
79.0
29.4
28.5
79.0
29.4
28.6
79.0
29.4
28.7
79.0
29.4
28.8
79.0
29.4
28.9
79.0
29.4
29.0
79.0
29.5
29.1
79.0
29.4
29.1
79.0
29.4
29.2
79.0
29.3
29.3
79.0
29.2
29.3
79.0
29.1
29.3
79.0
29.0
29.4
79.0
28.9
29.5
79.0
28.8
29.5
79.0
28.7
29.5
79.0
28.6
29.5
79.0
28.5
29.6
79.0
28.4
29.7
79.0
28.4
29.8
79.0
28.3
29.9
79.0
28.2
29.9
79.0
28.1
29.9
79.0
28.1
30.0
79.0
28.0
30.1
79.0
28.0
30.2
79.0
28.0
30.3
79.0
28.0
30.4
79.0
28.0
30.5
79.0
28.0
30.6
79.0
28.0
30.7
79.0
27.9
30.8
79.0
27.9
30.9
79.0
27.9
31.0
79.0
27.8
31.1
79.0
27.8
31.2
79.0
27.8
31.3
79.0
27.8
31.4
79.0
27.7
31.5
79.0
27.6
31.6
79.0
27.5
31.7
79.0
27.4
31.7
79.0
27.3
31.8
79.0
27.2
31.9
79.0
27.1
32.0
79.0
27.0
32.0
79.0
26.9
32.0
79.0
26.8
32.1
79.0
26.7
32.1
79.0
26.6
32.2
79.0
26.5
32.3
79.0
26.4
32.4
79.0
26.3
32.5
79.0
26.2
32.5
79.0
26.1
32.6
79.0
26.0
32.7
79.0
25.9
32.7
79.0
25.8
32.7
79.0
25.7
32.7
79.0
25.6
32.7
79.0
25.5
32.7
79.0
25.4
32.7
79.0
25.3
32.7
79.0
25.2
32.7
79.0
25.1
32.7
79.0
25.0
32.7
79.0
25.0
32.6
79.0
24.9
32.5
79.0
25.0
32.4
79.0
25.0
32.3
79.0
25.1
32.2
79.0
25.1
32.1
79.0
25.0
32.0
79.0
25.0
31.9
79.0
25.0
31.8
79.0
25.0
31.7
79.0
25.1
31.6
79.0
25.2
31.6
79.0
25.2
31.5
79.0
25.3
31.4
79.0
25.4
31.3
79.0
25.4
31.2
79.0
25.5
31.1
79.0
25.6
31.1
79.0
25.7
31.1
79.0
25.7
31.0
79.0
25.8
30.9
79.0
25.8
30.8
79.0
25.9
30.7
79.0
26.0
30.6
79.0
26.0
30.5
79.0
26.1
30.4
79.0
26.1
30.3
79.0
26.2
30.2
79.0
26.3
30.1
79.0
26.4
30.0
79.0
26.5
30.0
79.0
26.5
29.9
79.0
26.6
29.8
79.0
26.7
29.7
79.0
26.8
29.6
79.0
26.9
29.6
79.0
26.9
29.5
79.0
27.0
29.4
79.0
27.1
29.4
79.0
27.2
29.4
79.0
27.3
29.3
79.0
27.4
29.3
79.0
27.5
29.2
79.0
27.6
29.2
79.0
27.7
29.1
79.0
27.7
29.0
79.0
27.8
28.9
79.0
27.8
28.8
79.0
27.9
28.7
79.0
28.0
28.6
79.0
28.1
28.6
79.0
28.2
28.5
79.0
28.3
28.5
79.0
28.4
28.4
79.0
28.5
28.3
79.0
28.6
28.2
79.0
28.7
28.2
79.0
28.8
28.2
79.0
28.9
28.1
79.0
29.0
28.1
79.0
29.1
28.1
79.0
29.2
28.1
79.0
29.3
28.0
79.0
29.4
28.0
79.0
29.5
27.9
79.0
29.6
27.9
79.0
29.7
27.9
79.0
29.7
27.8
79.0
29.8
27.7
79.0
29.9
27.7
79.0
30.0
27.6
79.0
30.1
27.6
79.0
30.2
27.6
79.0
30.3
27.6
79.0
30.4
27.6
79.0
30.5
27.6
79.0
30.6
27.6
79.0
30.7
27.6
79.0
30.8
27.5
79.0
30.9
27.5
79.0
30.9
27.4
79.0
30.9
27.3
79.0
31.0
27.2
79.0
===
27.0
29.4
80.0
27.1
29.4
80.0
27.2
29.4
80.0
27.3
29.4
80.0
27.4
29.4
80.0
27.5
29.4
80.0
27.6
29.5
80.0
27.7
29.6
80.0
27.8
29.7
80.0
27.8
29.8
80.0
27.8
29.9
80.0
27.9
30.0
80.0
27.9
30.1
80.0
28.0
30.2
80.0
28.0
30.3
80.0
28.1
30.4
80.0
28.1
30.5
80.0
28.1
30.6
80.0
28.1
30.7
80.0
28.1
30.8
80.0
28.2
30.9
80.0
28.2
31.0
80.0
28.2
31.1
80.0
28.1
31.2
80.0
28.1
31.3
80.0
28.1
31.4
80.0
28.0
31.5
80.0
28.0
31.6
80.0
28.0
31.7
80.0
27.9
31.8
80.0
27.8
31.9
80.0
27.7
31.9
80.0
27.6
32.0
80.0
27.5
32.1
80.0
27.4
32.1
80.0
27.3
32.2
80.0
27.2
32.2
80.0
27.1
32.3
80.0
27.0
32.3
80.0
26.9
32.4
80.0
26.8
32.4
80.0
26.7
32.4
80.0
26.6
32.4
80.0
26.5
32.4
80.0
26.4
32.5
80.0
26.3
32.5
80.0
26.2
32.6
80.0
26.1
32.7
80.0
26.0
32.8
80.0
25.9
32.9
80.0
25.8
32.9
80.0
25.7
32.9
80.0
25.6
32.9
80.0
25.6
32.8
80.0
25.5
32.8
80.0
25.4
32.8
80.0
25.3
32.7
80.0
25.2
32.7
80.0
25.1
32.7
80.0
25.0
32.6
80.0
25.1
32.5
80.0
25.2
32.4
80.0
25.2
32.3
80.0
25.3
32.2
80.0
25.4
32.1
80.0
25.4
32.0
80.0
25.4
31.9
80.0
25.5
31.8
80.0
25.6
31.7
80.0
25.6
31.6
80.0
25.6
31.5
80.0
25.6
31.4
80.0
25.5
31.3
80.0
25.5
31.2
80.0
25.6
31.1
80.0
25.6
31.0
80.0
25.7
30.9
80.0
25.7
30.8
80.0
25.8
30.7
80.0
25.9
30.6
80.0
26.0
30.5
80.0
26.0
30.4
80.0
26.0
30.3
80.0
26.1
30.2
80.0
26.2
30.1
80.0
26.3
30.0
80.0
26.4
29.9
80.0
26.5
29.8
80.0
26.6
29.7
80.0
26.7
29.6
80.0
26.8
29.5
80.0
26.9
29.5
80.0
27.0
29.5
80.0
===
26.9
31.8
80.5
27.0
31.8
80.5
27.1
31.8
80.5
27.2
31.8
80.5
27.3
31.8
80.5
27.4
31.8
80.5
===
